,0,1,2,3,4,5,6,7,8,9,10,11,12,13,14,15,16,17,18,19,DNF,Driver
0,0.17363043649910442,0.22722485062226822,0.20782929535127315,0.14766033882451163,0.06254645908390813,0.03605327672150696,0.02613904788330352,0.01594404720875867,0.009914786394526694,0.008705851749524327,0.004475851273679891,0.0062032384191963025,0.006902939232573026,0.005202622790101739,0.005136599724204186,0.006130916829135982,0.0037006609656714657,0.02179044828958498,0.008540240537770813,0.010150633569021354,0.006117458030374645,Charles Leclerc
1,0.2369641694295702,0.15830643172843317,0.27314212607198785,0.10544742134430253,0.057293713346879056,0.044274324764721804,0.025932961622086723,0.028293529147279686,0.01863863713213479,0.005644864005141386,0.005963714878329294,0.0024158776872672625,0.002669589428226535,0.0017656012276292313,0.004638320526652118,0.0009028351890041099,0.004967479495038403,0.002150730585339808,0.004694953639271787,0.011187826106555618,0.004704892644148707,Sergio Perez
2,0.3490106475482607,0.30101243856726384,0.12052494795751398,0.07830623742169482,0.03441123031094942,0.011860869230483422,0.009905164056323433,0.010326421968377434,0.005076444018414408,0.004087663180855927,0.0037336861623827678,0.0038038892928772315,0.00627630262161085,0.0038211078699769076,0.007051723760608195,0.002587480546843329,0.00471267613298765,0.02472990436674631,0.005684081137069081,0.009916503745083568,0.0031605801036767066,Max Verstappen
3,0.09106235745298778,0.20173085174471214,0.1793078590486954,0.14169146516256895,0.09884939797690112,0.07982335357999563,0.034277101444156376,0.03815728511881491,0.020384566081796802,0.014097395314317725,0.006282255139630316,0.009077028254172954,0.007006215226011138,0.0073057811798501425,0.005058260305024803,0.008498966778359568,0.00712138192268555,0.014173196432041766,0.009088093091620014,0.013864955866869215,0.013142232878787482,Carlos Sainz
4,0.05330667900194042,0.09536726721314266,0.12004816596616066,0.10503666652264157,0.14449882431826397,0.09005977922461034,0.11277561033537523,0.03953829791647965,0.06836450488616516,0.027434742763943174,0.018795111759551064,0.01898030036105807,0.0122716963079454,0.005271954999425911,0.012996661885840565,0.006597853318300711,0.010634747907521547,0.014097643163554248,0.021758836254162698,0.00948595975515417,0.012678696138762744,George Russell
5,0.0067245449045462355,0.02442234131628059,0.03486866684927705,0.05049688290392851,0.03903375399567988,0.08897390702093473,0.06626204719541591,0.06229268228955153,0.07388737813601189,0.028326844877294463,0.028411090668437975,0.033109353275951804,0.061284135383414054,0.03304358235418079,0.03625085528479782,0.06628839253541723,0.062265858727653806,0.06443809194199152,0.05015477481946061,0.05550130205942233,0.03396351346035124,Pierre Gasly
6,0.030177083382417265,0.05287569495496431,0.05744602381856767,0.10183160494364818,0.1174415422327857,0.09772971346801688,0.1352524958479459,0.05017370286174959,0.09219934229611465,0.035645889653016766,0.037471404924219236,0.04366188371800238,0.030017798805280334,0.010081288967059414,0.014234279853744541,0.007660354135447276,0.015675748142159673,0.014491306669741012,0.023382977289215737,0.010965444504963087,0.02158441953094047,Lewis Hamilton
7,0.0003217885733935669,0.00038951340982771936,0.01464203036673907,0.022168444024090603,0.01708672971178503,0.07278683784987389,0.06219493851400174,0.046234824777019436,0.049732735561343264,0.03211761451179062,0.02213443946668207,0.040698688639252065,0.05336583884596503,0.04152564587927146,0.08237908650912573,0.07975987549785002,0.06768576780575793,0.10308142508198563,0.06489592787024032,0.0660819340470097,0.060715913056995294,Yuki Tsunoda
8,0.003573002626609287,0.010091995924492277,0.014935884253488966,0.03895829929794103,0.027422607840985398,0.07899566698534397,0.06447313948663848,0.05761655148116553,0.045352693567416225,0.033445425616043654,0.03158358632331153,0.04195708890079894,0.04748130882175668,0.05097464579589744,0.03908969553782,0.05062901922960638,0.09268516903627826,0.09037072154667333,0.0611712852394923,0.07021746798565738,0.04897474450258262,Sebastian Vettel
9,0.005292053507343205,0.018598816171379057,0.01700148701350518,0.0535844118048822,0.04467562369167387,0.09696312951753333,0.08390598016175771,0.08591744029673769,0.05060727150701964,0.038195789317454654,0.047928793146008036,0.04238255955545976,0.05278301076075987,0.04559423181167173,0.021931524968801522,0.039982011864986025,0.060938771171656796,0.05515460164593095,0.037857595861300775,0.04614551243918624,0.05455938378495183,Fernando Alonso
10,0.002119915229001725,0.014534015970347139,0.04467789658264505,0.05152397607244287,0.07770334128497829,0.07625819130868372,0.07550938906389824,0.06382097930879693,0.07339736441371748,0.05168609208460544,0.04067644625422859,0.052459755206429766,0.032694100485778754,0.03812443439462638,0.027580318266691155,0.03924576457558259,0.029387867110484918,0.08116108470134577,0.050616132168829056,0.053890010480398744,0.022932925036487438,Lando Norris
11,0.0004889982771434043,0.008392907047097472,0.021618948853120004,0.047900245129929894,0.03868808474848487,0.07926949602455471,0.1012223044137542,0.044870860544431374,0.07805603288419152,0.06145708356852656,0.07380987000000841,0.09322819275205076,0.05722925916902773,0.03197357758278531,0.01689046867183023,0.03528222676187403,0.02647121287145967,0.05958883823832382,0.046927002789270235,0.04692909363346282,0.029705296038673057,Daniel Ricciardo
12,0.00024750576693922087,0.0046362417422866455,0.013092420599069026,0.026434159025765073,0.02888323894716696,0.06400839772526881,0.05526541296339056,0.06522657953768551,0.08363507253665563,0.045844092355991455,0.03624915460708795,0.04240707453250127,0.06861586487514261,0.032478971911933587,0.04280644236413708,0.06611702676817631,0.0651641634087165,0.08680821618946136,0.05584884935758116,0.07791317612808026,0.03831793865696306,Esteban Ocon
13,6.652016559094652e-06,0.0034027965409022367,0.0018451985890970775,0.02370939183572752,0.007893404212434462,0.00848225295127681,0.03458398523144716,0.04212067194523036,0.06779959045432478,0.07846497313515349,0.0766529569316645,0.11428418741962082,0.0950433428255367,0.07308700640491889,0.10729907236537464,0.09275567324575074,0.04297762708628434,0.06308814514212481,0.02462899598304809,0.03202984774687069,0.00984422793665293,Zhou Guanyu
14,9.326867828607826e-06,0.004914358832746587,0.0038905337440604533,0.028656199302977286,0.014952716726346533,0.016664327678966893,0.03571224046929528,0.06299979051780313,0.09205578049016598,0.09715863820312876,0.05146995666157862,0.11395703512014392,0.059126708748236986,0.060137390893222474,0.091186668080698,0.04987504898194457,0.05785792880680684,0.07505629760690029,0.024836131742840734,0.047483550017031494,0.011999370507276464,Valtteri Bottas
15,1.3805965967170114e-07,2.7327221594762357e-05,1.4570340036040528e-06,5.326310142021206e-05,0.007052408577560177,0.019455073365784187,0.03444990707533362,0.054377937373301016,0.0418322767402733,0.06095783713182633,0.0354749354069889,0.09437198345419559,0.16621622342261932,0.05200275558507679,0.06287765931245314,0.048766330678211726,0.10732612579180338,0.08396903604774829,0.047476365487700165,0.06437012393324948,0.01894083519919637,Kevin Magnussen
16,1.0045147832910597e-05,0.0007667081895131717,0.0025448526853179315,0.007779012471849744,0.01137613268697977,0.015573073096915916,0.020483208791661038,0.0404967285660572,0.030304795123335393,0.0427542369439013,0.05230778009786084,0.08854047147633907,0.07927838918380488,0.08794030457895065,0.10165378786995433,0.10153624142453543,0.07164947025125545,0.0930667729719748,0.07596695052022427,0.047122490293512516,0.028848547628223354,Alexander Albon
17,6.625960991041319e-06,0.00015611820744170955,0.0015423479747256332,0.005114345553215756,0.0035980154195758966,0.015101583030742978,0.017221802118284408,0.03837274137231898,0.051315336272140924,0.05067110263410392,0.07814741052009616,0.09569426349650002,0.07947267951396184,0.1322443362612271,0.07526544036517661,0.10495854594310805,0.09073515407869444,0.060494236196805454,0.04850025146496855,0.04434269784146716,0.007044965774453372,Nicholas Latifi
18,7.751456651650488e-06,0.00014291481300047337,0.0016125346948281797,0.006786716566583856,0.003348849167470488,0.017268797204640043,0.02808476143191024,0.03917173121237218,0.06522204744296203,0.051904102406272246,0.061082482644969516,0.07412537298920875,0.08216881502508634,0.0962239482459736,0.06734462307276358,0.09449710183635346,0.09527234030651968,0.08877059098218652,0.05349982160637064,0.062408375914399086,0.011056320979477553,Lance Stroll
19,3.278494970053567e-07,5.256678712585919e-06,2.860793539488983e-05,0.0024496053411964774,0.004872875545204178,0.013755438271167885,0.02031712036368144,0.04698173153961348,0.02092270313375896,0.02974919458160096,0.05557007217283796,0.04643172089260772,0.11351625924155936,0.05724965725108064,0.06389954969879091,0.0964753189909567,0.08073201724606652,0.12726440950377624,0.09518789415425241,0.11416590194873023,0.010424337659513526,Mick Schumacher
