,1,2,3,4,5,6,7,8,9,10,11,12,13,14,15,16,17,18,19,20,DNF,Driver
0,0.1883636853025918,0.2117273402386976,0.17084294993310864,0.11733872866112142,0.06295366936442616,0.034079582450616215,0.026038702383423904,0.017169847058032733,0.014013578867644134,0.012007923991016772,0.006878158504741491,0.01072535809456213,0.009865069915082321,0.012711289145611421,0.01381168982411179,0.021451839137444712,0.013671811288325186,0.02181761639585639,0.011696156186840017,0.009334285450447965,0.013500717806297517,Charles Leclerc
1,0.37529388239712164,0.2261106749909675,0.1087845051324385,0.07461034709118078,0.051710584540400395,0.02023064084819754,0.011435350006673476,0.017674510055975753,0.010069230760213203,0.008201025838281107,0.005496319350468389,0.005130628954433326,0.006176106783679008,0.0056568814924097734,0.012982689428027095,0.006069796281126401,0.014711518234143274,0.018649656736823575,0.005486348016855979,0.008779866188875484,0.00673943687170796,Max Verstappen
2,0.19036171818487524,0.24274324261453098,0.1406020840374915,0.0883923822186424,0.07145874568996816,0.048609120810787845,0.02894796940426122,0.021337951770360127,0.015078992553522245,0.012260023790303809,0.009290840079557581,0.011119235891482282,0.008345095616864674,0.0125453845614576,0.008578089832713784,0.022857683077645224,0.016235281331529815,0.015391212156199468,0.008626262696073991,0.009032886654409988,0.01818579702732228,Carlos Sainz
3,0.1360124326916835,0.10943429266242782,0.1837455858491444,0.10243713386483153,0.07976726989599077,0.062014596416427065,0.05699551050822969,0.04696099792503188,0.045094445631502666,0.0178434133673429,0.03559016073758128,0.010984279100291677,0.012533706255089967,0.00760383505028374,0.015965699125882676,0.006163796731259089,0.02505776181325729,0.0050464164320377656,0.008239932783869338,0.016656741100794223,0.015851992057040905,Sergio Perez
4,0.14238817143279803,0.11425328626485215,0.07707126661219894,0.08257017939089178,0.10128152284101327,0.0632162455339038,0.09162230456440192,0.026852541287594938,0.05730401708441972,0.024685239187576535,0.03017265025860624,0.030079173198448304,0.018738646393990033,0.011870235060487915,0.019848553428118212,0.01255958708234967,0.026765335330647864,0.012630520392278246,0.021807198123549202,0.007208922958325165,0.027074403573547977,Lewis Hamilton
5,0.0021018786708134917,0.1116626915855353,0.02705581812161788,0.11537762677209534,0.04232830104703074,0.024971464771788993,0.047949243823784245,0.05374129209437092,0.07332778488030599,0.059831650509436375,0.03687020809066973,0.059652480315539796,0.04175870392438356,0.05401341261587551,0.06110304387920627,0.049894519704171685,0.04847006643865957,0.03510565843274124,0.016995388702440224,0.024858327096157293,0.012930438523376088,Valtteri Bottas
6,6.689521074955099e-05,0.0012665753053994215,2.2249033439868194e-05,0.0004701623909156929,0.044552314636108155,0.05648004513726808,0.08421528973676932,0.08127891047631226,0.054806391467841976,0.06575055022810375,0.03253049102054612,0.05112002886717065,0.12691517982867817,0.04943070806702269,0.044047322230807685,0.046796370888180276,0.09853401537083388,0.052330676353002495,0.03924779072470389,0.04715534303385155,0.022982689992294515,Kevin Magnussen
7,0.03884156678562374,0.06932225916147187,0.04248816556447225,0.08899123718625981,0.0819412779868971,0.09616225974930265,0.0811877918658233,0.06642560561654125,0.03660722186946957,0.032820440354441864,0.03523088915728987,0.02157617889073952,0.028115793320770657,0.031259908211350954,0.016078877134156403,0.03309430025057124,0.05352993138464202,0.03399337344288757,0.025479310587032643,0.029610350735087092,0.057243260745168605,Fernando Alonso
8,0.014541427897517457,0.05380353818213503,0.06181096172572864,0.06474521955896582,0.10589792982725937,0.05224753478957478,0.11126986267683453,0.034228613313814264,0.08716690288738443,0.04047645068041299,0.04387102611179084,0.05128787507111648,0.03232726954351595,0.02011675429729906,0.04575043803283258,0.030801750214683704,0.04010418062305429,0.022649287104892953,0.04169496163514619,0.01168091402238782,0.03352710180365266,George Russell
9,0.0029344720793905966,0.021855425113912603,0.03437005844801795,0.05535113117847392,0.056802906696884224,0.07062840825854227,0.06564113581190749,0.058501995829437554,0.07471460275382581,0.04135872082643058,0.03392823668544897,0.029455971827115623,0.05691829312758314,0.032560193969687276,0.035539988271597565,0.06981589238992421,0.06557359449902164,0.05348654796479559,0.0426052579608804,0.0510801670996054,0.04687699920751713,Pierre Gasly
10,0.0017949469093271762,0.016810433173364732,0.02823476480654255,0.04934676565496817,0.051332394827564604,0.06419693560530017,0.06193153375241265,0.056846139955686895,0.07772979769191396,0.04435124786042094,0.03562754449687663,0.03160955187316537,0.061206076722900654,0.03497096075415351,0.03816193300346659,0.07550091738599046,0.06694804961975631,0.05693928388097618,0.04480671494943522,0.05440858378994838,0.04724542328582881,Esteban Ocon
11,0.00014921981300836326,0.000277223947858942,0.0005313932419068444,0.022565476967828697,0.03671128595244347,0.04321372932677348,0.04818520225461891,0.06978615400092343,0.026877095656715855,0.037852756164751686,0.050197826510564474,0.0247021215006911,0.07404212977693536,0.04627137983836328,0.048448674234571026,0.09565606560473844,0.07922523262325225,0.09428498229049617,0.08416247783715568,0.10377947147190363,0.013080100984498851,Mick Schumacher
12,0.0014632221666265887,0.013068977973638311,0.032219489462158225,0.042722304569855735,0.06981254831249231,0.04560314292276391,0.0615236181445381,0.04695860906989588,0.0668837971250667,0.05378042422632585,0.05339099503612745,0.06459783126172079,0.04459948229890846,0.06097530345599793,0.03724582280992429,0.06825861233963178,0.04149508604042354,0.066552098340253,0.05087909935607438,0.04436148504166574,0.03360805004591106,Lando Norris
13,0.0002720002812783261,0.008199466256896106,0.015387657636987146,0.03754756797378498,0.05229331942371144,0.02989052908195955,0.040834974673331595,0.055413241493772435,0.040086150231077845,0.061834346842271716,0.05254087467942055,0.05415603850766868,0.06253554876542881,0.0752452787077486,0.07142523442709194,0.08912473893008785,0.06107638330860823,0.0618146247470625,0.05803578836203932,0.037554306133254105,0.03473192953651817,Alexander Albon
14,1.3806938512820647e-05,0.007745318948062771,0.0038593853149175186,0.032093514741346925,0.01495895448848712,0.00862273186267898,0.03525711067974154,0.03864295606999381,0.05747329859314933,0.0968433836940172,0.07695980758757703,0.08548634924899295,0.0635607320520223,0.06065230322343946,0.12225038332049111,0.1098095230820747,0.05485256435093806,0.060196340001760475,0.023565830329528668,0.03173677936198513,0.015418926110282288,Zhou Guanyu
15,1.4697282197500275e-05,9.512513143783595e-05,0.005508440094453288,0.01293483032534688,0.0147690968898297,0.03660421298593937,0.047724818674128755,0.03784458206660872,0.05078691748784221,0.05214909550212612,0.030369111002931336,0.04554531107669854,0.06201663090262395,0.04851947681518908,0.09241003370473927,0.09451982018453414,0.07331699984326175,0.09140095135201999,0.05724312746197974,0.0634349654168633,0.0827917557992486,Yuki Tsunoda
16,0.000232579551722429,0.003301948968145521,0.007356329586173905,0.03122417397687619,0.03229717855196833,0.048934111983513474,0.06098734291518767,0.054698355697926804,0.05259900957041324,0.06325111878881531,0.04452656442437951,0.044768796872143767,0.05421381052588924,0.05533074730546464,0.038428258777486395,0.05231064362585378,0.09386801046145248,0.07697933555269455,0.050126394267322225,0.0674948922278052,0.06707039636876533,Nico Hulkenberg
17,5.949802111769091e-05,0.0031416410575836893,0.011044395354231096,0.025317316451496322,0.030903019349289504,0.044526276783623864,0.06852727578358876,0.03349909750098693,0.06807207030948201,0.08735686232504171,0.09497871305374214,0.0988432630714299,0.05218670956103335,0.03850335053278103,0.025592589098190476,0.05194502667042832,0.04138579476457682,0.07106135580790421,0.05156744754549958,0.052728344797929455,0.04875995216004305,Daniel Ricciardo
18,4.460428304472368e-05,0.0006011211002646922,0.004814584610893973,0.01930333043707518,0.010118023514246934,0.02425674194225581,0.04237019675725144,0.04638944069909454,0.08059648402112878,0.08095879514187558,0.06794409148398951,0.053965394421037205,0.07036043679807091,0.08788840305946338,0.05353028042241817,0.08871769695096825,0.08879762083141723,0.06666547328902166,0.04293746875277977,0.056211572385127646,0.013528239098574502,Lance Stroll
19,1.5677282107220152e-05,0.00044010048486571465,0.00365162716634868,0.012684916814258377,0.010644978254405269,0.019248295679612403,0.02580070900500516,0.0456024299429286,0.0642951757532777,0.08880130357399481,0.09181621647208653,0.07559756266811068,0.07112942108802969,0.11600371763178988,0.05994451401482908,0.09709221450413012,0.08444682275203022,0.045666970844458796,0.037627649292481975,0.040911113772367835,0.008578583002881382,Nicholas Latifi
