,0,1,2,3,4,5,6,7,8,9,10,11,12,13,14,15,16,17,18,19,20,21,22,23,24,25,26,DNF,Driver
0,0.21384936752499167,0.26514918639417473,0.19751695226581617,0.11155437228130846,0.08405117302758815,0.0435645698667259,0.014092491822978448,0.015528900131947054,0.006668474301528545,0.005886422021411158,0.0024112629958944485,0.0020528995093609228,0.0018013456327673624,0.0022966104986025053,0.0016501426809098023,0.0025367057669140533,0.001965419292685963,0.005188499760833529,0.004706329893476296,0.007773807916311398,0.0032592272385560134,0.004000554070767104,0.001859799138553567,0.0006256166620103408,3.6093690758885175e-07,5.5619174137872456e-06,3.946449565146947e-06,0.009755066413773548,Carlos Sainz
1,0.19003834978763348,0.17211938831954765,0.3341351782465311,0.11183853819481797,0.06837328161094866,0.033079160346936226,0.012868493842563089,0.02269005266250675,0.012018035801119173,0.004103949113433906,0.0029023969287356953,0.0010806104727657236,0.0011822516655146996,0.001126950897144744,0.003475738572277332,0.00046211183844017386,0.00264511755004764,0.0010362077753451337,0.0054169026062558506,0.013163133331492558,0.002360360927611695,0.0030272331893040293,1.2511565701895429e-05,0.0008416706275287139,3.0693355943515796e-08,1.3609164815432627e-06,9.825159585668645e-07,0.006244150435942388,Sergio Perez
2,0.12149157099798337,0.08933810953006059,0.05005117772297124,0.10780431186772771,0.09192015168281736,0.12334361871236438,0.07351844500285737,0.059815368689108264,0.02827218476211058,0.0233083149092972,0.025078357212608274,0.011969838593565893,0.017475360080840708,0.017364930484044954,0.007599558020833637,0.016143012420450985,0.024469536200696265,0.019819648935917318,0.019154241054843108,0.024825435320714236,0.01570974053640852,0.020855433064113825,0.007609735098575262,0.002762342885601838,0.00017601229714677628,0.0001226284272725295,9.354890676811383e-07,0.047236827798186436,Fernando Alonso
3,0.07336424377035948,0.07534565694934893,0.09170417772191229,0.13995012568757745,0.20214566373679674,0.11048378390492848,0.08721476957061357,0.04012729104555393,0.04994124024919672,0.02695450234571115,0.01886415707977098,0.009667267062961568,0.00784917252463291,0.002327002090517619,0.0033116458353066405,0.0015860307154292427,0.0033127067738674375,0.005183751702364698,0.010692804253502193,0.007927341392757636,0.0037483355107879967,0.011722210340381237,0.010730508298584575,0.005833050468375212,6.684558308974324e-07,1.0883332879462253e-05,1.009180050702277e-06,0.03204666558689008,Lewis Hamilton
4,0.031894848266424115,0.07173595635648346,0.11807723754261171,0.12917694995676704,0.23221060508995264,0.0956088538474599,0.08965832697929563,0.040359371159464225,0.054043422559884015,0.030417835541989954,0.016839607778568,0.009043270847960633,0.007259615816881096,0.0023206852845669597,0.004937784021072806,0.0024611876133736775,0.003422011520108269,0.006751720173840931,0.01447841954528179,0.00942709950789868,0.004296244276398779,0.008085738340539557,0.01007976675339862,0.007399786740739442,4.2805417454216803e-07,5.981831899309337e-06,7.244592964213269e-06,0.029875190590114464,George Russell
5,0.0023053165166176744,0.014294512921917368,0.01921960692932047,0.030556288933362184,0.037127641134336774,0.03634642379089668,0.031431396101940894,0.042951752845872875,0.028000977169763505,0.03423672301016917,0.04581951294236213,0.04615415408312062,0.04889712691545042,0.08256175141470994,0.08554578751741856,0.11265183286640607,0.07242699002137143,0.06506084487975161,0.08247387507478814,0.040885177646455564,0.019145316930377656,0.016638284049851883,0.0036522608525094095,0.0013550513794177215,0.00022729763471418703,2.6521188420376116e-05,7.575248676384899e-06,0.041052307283967616,Alexander Albon
6,0.003939702188012865,0.02325282064949394,0.04105315719058569,0.07394605250712455,0.06302601380355757,0.09777320793966136,0.09774081217803807,0.03879132947795747,0.061424721496481316,0.05254228523136005,0.0732480522598718,0.0622787764798445,0.04269432095166406,0.02782111410219341,0.013241023427672423,0.033762945846439435,0.021987538448298444,0.038505155718068305,0.04536384493919724,0.042728190608035864,0.012456090346244529,0.023971520268615897,0.00436256174105922,0.003927144595417334,8.498541936976815e-05,7.365769790766152e-05,2.974487827422177e-06,0.04487893455644183,Daniel Ricciardo
7,0.0011464368414061284,0.0022244035115225893,0.010912858602867104,0.025969093074768024,0.01110934564958283,0.03954108351076504,0.04379317049084975,0.0436608663173651,0.06318628373233871,0.045442798257377286,0.05873118732657969,0.04373672336028843,0.05743310640636258,0.09292371361970697,0.05788251282043562,0.10781165556313804,0.09561579601541224,0.06318041992090152,0.059744294543944164,0.05847530379875816,0.010163139014443826,0.003457028631916013,0.00016398560079936133,0.0030787061363559526,2.9599282271919145e-05,0.0005745616460366075,1.1926323806284517e-05,0.017478946635629967,Lance Stroll
8,0.0015420473609949277,0.005781967684530084,0.010325758962227297,0.028302976801363993,0.028234654493254217,0.06565959970569564,0.05115377072587108,0.04672790475682764,0.0382529453585859,0.04051451290638707,0.03924761216059263,0.03700117478587305,0.0396493766771129,0.05188996987869041,0.04249107907007251,0.05848001362331026,0.10340216134580581,0.08181913077003651,0.06839790720731706,0.07910168884763674,0.03241271487085126,0.034747165816740984,0.007979007875652448,0.006267346984321098,0.00038951699567309244,0.00022372571948403531,4.2686150912943625e-06,0.08202374687781422,Sebastian Vettel
9,0.00022652515788198365,0.0010223091010248167,0.005437763497828008,0.012147457633909575,0.00827751750062419,0.025651923752072148,0.021343099953537857,0.03678561482615664,0.04705086825848269,0.04852553108000642,0.08099403319236512,0.06469082018035466,0.05812528426873039,0.1343513299709861,0.07156282849404877,0.12652698202958687,0.10060162801580601,0.047449288372490975,0.05451536981914843,0.04429933640962653,0.005566250028928708,0.003694377265191313,8.317958304112963e-05,0.0009544274707209814,1.1448096806453071e-05,0.0001010183913764464,3.7876492666962032e-06,0.010414488485331727,Nicholas Latifi
10,9.348514043775802e-07,7.663148995884263e-05,3.039924292680344e-06,9.653228060585434e-05,0.013752867856529478,0.02759378366109721,0.04157598128094572,0.05547411520643778,0.04278511286617478,0.07019431713142531,0.041290354713221206,0.07059228705630764,0.13937228489821,0.055474813502179046,0.06014803013082403,0.05621238057349782,0.11029743650978527,0.06812265801308695,0.05360171345950029,0.06749415167967736,0.011991777646485884,0.013823531871889295,7.1650044796908425e-06,4.058312983306894e-06,3.5962122460784574e-06,3.919113826409164e-06,6.52475292758228e-06,0.025840572914838246,Kevin Magnussen
11,1.6387265520323502e-05,0.006029603682739148,0.00452856244078614,0.02843714471451484,0.01896677680863995,0.017192937081982905,0.03219840769166743,0.05442229240053442,0.07591433458278206,0.10051211998279178,0.060378131372760234,0.09431479983045957,0.04799292762316709,0.062011147562151356,0.0991579948331802,0.060288812483324614,0.06643388819066795,0.06486675861268767,0.028817542157094672,0.050824098817301815,0.012415719085861688,0.0039325997082968606,0.008636420203740289,0.0016397597190730983,6.713735210258436e-05,3.0604209247769232e-06,6.353752465462211e-07,0.026695331865245846,Valtteri Bottas
12,0.011924473805373067,0.10941278525997478,0.08160182961462954,0.08639734013828713,0.05134709599054781,0.012314814475852542,0.018164507776577153,0.018145000391823755,0.011219597023655766,0.022728643033815277,0.030634577303047975,0.01800221508491472,0.03633970742518138,0.021361199447169237,0.03570064827308701,0.010882310336978743,0.012779481969026332,0.2408892128322833,0.04209060312909749,0.09295074231283094,0.00812551318208582,0.010167233375757359,0.0025360478266634396,0.014158455187895522,7.51972302500804e-08,3.895936852838839e-06,0.00012199366936101148,0.03511321437584624,Max Verstappen
13,0.0005037130840340315,0.017826715724072833,0.05355930458911624,0.09967637658299526,0.0781989826656866,0.03749359918999787,0.04028286181896208,0.04044229563351646,0.03381010213874859,0.06634270055598451,0.03353609416808125,0.03918297042455251,0.041937172024479615,0.029467996483108817,0.029233583319905766,0.027718751940939857,0.013224655346581094,0.11853594018219209,0.05248743379244601,0.08183542819611996,0.018786445944817296,0.019565049330926024,0.020004437100750023,0.006125689838363753,8.846715355192159e-07,6.990510950109301e-05,0.0001509101425848576,0.06470332213847856,Charles Leclerc
14,5.080652543854867e-05,0.001868780798562569,0.007165455739172319,0.0219598219885378,0.03212578201612064,0.05299878714048601,0.04568469226095699,0.058944808778075654,0.08749664456581142,0.07222531428922715,0.0483788488072123,0.0364457205013139,0.0642321673780462,0.031612806845119086,0.0363889677841195,0.060031656014544486,0.05178733151805681,0.07236651765140949,0.05634775529947162,0.0943846679685895,0.02248382706160308,0.024611837402110495,0.011535268089170467,0.008551943218184057,0.00011072732142326706,0.0001535353002900956,5.5527736946345614e-05,0.06750266612972781,Esteban Ocon
15,7.138996263508405e-05,0.002033239500779554,0.012085017450599634,0.020209451259402416,0.05137555260144418,0.0453902264800227,0.04565888609956172,0.05098274383998203,0.06809952466784,0.08539276749066194,0.0635738266102946,0.05962577384009598,0.03302115499530121,0.04381649367171148,0.03632539719524218,0.04892245999413846,0.033921955926980524,0.09679976175132898,0.06709618723217593,0.08416597586942957,0.016942731417686197,0.019213223844934527,0.009268541893825265,0.005861035200584579,2.6098071193625197e-05,0.0001064074895171361,1.4175642630321657e-05,0.05143221356037165,Lando Norris
16,4.878134793240529e-07,0.0006519676550032861,0.0005115107074592655,0.00891738125113062,0.004443073426727,0.004160566881396279,0.018129396142916043,0.025234302037071003,0.04953347738413104,0.08952854643394405,0.0963166542540464,0.11563317509448953,0.08888328357836538,0.07974861627082454,0.12336836904444037,0.1160547082617971,0.04546352379682487,0.055621742345692206,0.026588848009594004,0.035515781022754954,0.008364629552825829,0.0034690266819179826,0.002856884285538608,0.0007092858492640817,0.00017989562363405714,0.0001128321619218832,2.03443281014633e-06,0.01569458858791259,Zhou Guanyu
17,5.225932309240019e-07,6.8178955852532814e-06,3.51032106695135e-05,0.0028965148457749754,0.007294769433511441,0.014739324613411077,0.01949245538542572,0.041372278161230465,0.019291517217834814,0.03690880218714801,0.06546561325173737,0.03727592350243441,0.09206235538488881,0.05565776180640206,0.06292325943102833,0.10914960495677069,0.08272222265125828,0.107874846044838,0.10340944511453455,0.1274021198511742,0.006784057516262279,0.006800864006119145,0.00017065368524189442,0.00015353967129701462,4.371158940629479e-05,5.014703864559385e-05,1.576895413893972e-05,0.01401874246111116,Mick Schumacher
