,0,1,2,3,4,5,6,7,8,9,10,11,12,13,14,15,16,17,18,19,20,21,22,23,24,25,26,DNF,Driver
0,0.574531818303648,0.2982095037811308,0.07026215487345801,0.026513692191587904,0.009640185525415032,0.0017283914870087026,0.0019754607434226863,0.0007734043064082027,0.0004350812605990026,0.0003583536505117259,0.0007815908099476929,0.0003239769472308646,0.0008665142832114892,0.0004420623739309639,0.0008440626726661078,0.00019955872578744218,0.0002642564969468377,0.006406242297182583,0.00154333926373289,0.0026859891713748685,0.00021797389002291504,0.00021835826914240404,6.1020679555772136e-05,0.00039680185045078283,8.675964199635863e-10,4.460559946038065e-08,0.0003201606724305877,0.001214360834798342,Max Verstappen
1,0.11386859179327502,0.22326750622400982,0.2305666603679876,0.1806125366521364,0.08903532160631171,0.034978865119365814,0.025215584698800655,0.011591809392246665,0.00925230133849561,0.007038051026225919,0.004836405520486619,0.004078942226953081,0.005580322238577812,0.0033757976447355217,0.003722492920859264,0.002784449677082868,0.001585060775172832,0.015265900052987169,0.009994647121681887,0.01322019976106583,0.0027624371141491094,0.002596311829021716,0.002415332786273124,0.000795342071364362,8.248317555984177e-08,5.59884287790269e-06,0.0015534487146801217,0.010128553841541895,Charles Leclerc
2,0.12612480944585264,0.23936860345446356,0.2144117267865257,0.14090980764765332,0.11337391012659861,0.06206781011683556,0.021042286962897803,0.01732530968214131,0.010567376684799255,0.006567139539915671,0.003351857992974311,0.002565190048768745,0.0022675504146747022,0.0021178036072257056,0.001879913009625788,0.0018136989754382504,0.0017009428360797057,0.006044235754360942,0.005941972382368352,0.010961758386633996,0.003022761800116631,0.0038622632485140313,0.001756441466571715,0.0005560159663176654,1.4436390402714807e-07,5.1268864808766555e-06,0.00039354241226109097,0.009596296144166037,Carlos Sainz
3,0.07924923598111126,0.0789734182018131,0.08908761876882547,0.1532387452956771,0.2039611539716788,0.11459946465985452,0.0966116229438953,0.029918626512290852,0.056127156696124204,0.018560585798198064,0.017721633435522247,0.008554661024973523,0.007592815721770258,0.001689163019700202,0.0026619615717782133,0.0009028133171914397,0.002015241853506795,0.003847121262966047,0.00944478371695958,0.007061180076297874,0.002315173707697042,0.007399849917675288,0.005450781426794435,0.002939516715346337,2.8278032735637145e-07,7.290356792699366e-06,6.810126523212747e-05,0.018180996169865286,Lewis Hamilton
4,0.07487335007577138,0.14527531113218764,0.3736227067109084,0.1393106340440482,0.09330313412191651,0.045569968756468356,0.018853581822165986,0.027571397111755245,0.020596309447397168,0.004846549701039826,0.003976995495256006,0.0015277453173314912,0.0016043865882657527,0.001239745476146656,0.0052224282218765235,0.0003901554280282846,0.0027281617172828275,0.001355098018503353,0.008845332005762221,0.02238865452645612,0.0026469407373134884,0.003277045839807327,1.2162980655051048e-05,0.0008342552550795004,1.2953377339613138e-08,1.4251445176648645e-06,0.00012651137068182716,0.0068983542814321985,Sergio Perez
5,0.023294886795461083,0.062297862890177365,0.11173980693800056,0.13493472650138869,0.24102286030447556,0.10699203910840153,0.10264579225031993,0.03327242303409519,0.06630828205313426,0.024850454910129882,0.016953025633323553,0.008034637011445257,0.006661219778378832,0.00170872044422565,0.004421493632872523,0.0014165352447270813,0.0023052194612359265,0.006123074181876027,0.014319699786153661,0.00989846850379306,0.0029425768047766153,0.00575536529145825,0.006871524098356218,0.004687642354564845,1.483945338625366e-07,3.916188117642385e-06,0.00053759840457689,0.020798771536384323,George Russell
6,0.012762121048629069,0.036473372386739214,0.08935646379171375,0.07696509883041072,0.13263608109018174,0.10404179916128804,0.07780827308683493,0.042257533976860114,0.06368678075740423,0.03485655700450946,0.035292662327866875,0.026076371728136552,0.017150744511154392,0.02057034235346379,0.019501077299081623,0.020490839033229787,0.016656868604899584,0.0500986734849009,0.04741004828083953,0.051169339887443197,0.00890900436704527,0.009016700046120225,0.00371168771956615,0.002457630337424117,1.179419648514594e-05,3.820709159508446e-05,0.0005939275961766414,0.024738951354412633,Lando Norris
7,0.0002802310899924874,0.0002689266347806576,0.000493488956310526,0.020821279187780223,0.032363889078737884,0.05847388111036901,0.05381058566813782,0.0542088130064253,0.029601545496844423,0.02382792392851949,0.05645769321639936,0.024788634399126666,0.0749952111512907,0.04214927592307463,0.051714287894039104,0.07233031088316155,0.06258445267677229,0.08803014657037245,0.11605171603857319,0.12494590621572438,0.005444774574800541,0.005099018991247252,0.00010374078751993775,9.912277320840075e-05,3.269443614234538e-05,2.879296973547559e-05,0.0009936563409140302,0.011801800873567983,Mick Schumacher
8,0.0001175219687692759,0.00020703977979296307,0.009264281880466662,0.01640100727079781,0.01673325239970977,0.06359560615148606,0.06079885988233231,0.03152821537724112,0.053560720147035515,0.028342058302165594,0.031365138277297644,0.04097744008352372,0.0562900298854157,0.04217981461185069,0.09915704318303666,0.0730273651889645,0.0606033186490131,0.08406779798129126,0.08215997270580011,0.07402265446312402,0.031709164249314914,0.031660885076338637,0.005415692630419327,0.004789555764368393,0.000392108176072621,0.00010348617317265371,0.0015299697411990502,0.07560086181088559,Yuki Tsunoda
9,0.00043541232580257436,0.005213515116775193,0.012220795504665222,0.024773845103572473,0.029974703259476532,0.06370630756847709,0.053960010889119926,0.04082588391772164,0.08487309665904536,0.033801083025530344,0.04743440167240795,0.04010377800598393,0.06873666567961259,0.03541179821117461,0.05250391659416194,0.06646077926436868,0.06366727808447512,0.06913228815301344,0.07200370872597028,0.08255258014947546,0.02212185768150513,0.01717430346344394,0.004822279482988453,0.004173935119785917,0.00027104687172608855,0.00011756419301518409,0.0035271652767050327,0.05220815208916974,Pierre Gasly
10,0.000459921355614726,0.0072684143506477885,0.02040980986935965,0.04777025466116867,0.06118437919236223,0.09481753437265103,0.07577907963592168,0.058560967827454624,0.10610284284532276,0.04751259520167989,0.042796008086902364,0.027553062062075015,0.05394933614115302,0.020787369356091226,0.028547713364497452,0.033185219692954036,0.03330235855542337,0.05419575828368874,0.05311616013651724,0.0843635888291042,0.015950799689137936,0.01628011668498338,0.006990911991506733,0.005217528989174996,4.569925106467622e-05,8.495624144302857e-05,0.00376761333209941,0.04833762617941016,Esteban Ocon
11,0.0014593767804018216,0.01032872696152082,0.013358446864861456,0.05905650822953016,0.06999304306317362,0.11155387735330367,0.0958201756922111,0.07341071109593753,0.06429621559314219,0.04893084971759993,0.0657563142253984,0.033370174932684744,0.044722406311809945,0.030033466257479813,0.016726314515221885,0.02083578001277722,0.03487083210239804,0.04108998836003595,0.03817589623410426,0.05947106699002399,0.021569205244312842,0.030703413229993325,0.010483361579994735,0.003445066314358263,0.00010441066815212729,0.00023453019145317796,0.00019984147811893032,0.0667398287063834,Fernando Alonso
12,5.620803088926873e-06,0.003007252034539928,0.0016373653483210272,0.022100758791308874,0.009320890828010284,0.008486007821300103,0.03426760679444189,0.02798512231775888,0.07198610418382163,0.07049308761574377,0.10268947094009512,0.10770743005204422,0.09067341762587136,0.068044144485087,0.12466751776542659,0.08437643066849145,0.038095547606861076,0.0524415811084733,0.030980591668468213,0.038367364654296555,0.007127745147346161,0.0027400968559582483,0.0019531116263607966,0.00048265418237814525,0.00011630265549588885,8.169825961117883e-05,0.00016507815939948537,0.012666686886549905,Zhou Guanyu
13,2.6286680307663477e-05,0.0012240419918958102,0.0033501993972349245,0.01031823554690686,0.016539031151208996,0.01924062333474624,0.024017172468130225,0.029021492515811827,0.035813266192966306,0.038344400949582635,0.06712087427259959,0.07382199777452096,0.07220534696379544,0.08640003492952376,0.1119774322884641,0.09046666140411118,0.06316923695118892,0.0759005961867773,0.09476625709175161,0.053113193521714445,0.015110372660943073,0.013576856136897695,0.002578130718205196,0.0008711894957493569,0.00010642770531779324,3.0497720604669203e-05,0.0008901439490434566,0.03316361838676125,Alexander Albon
14,4.683502802182325e-06,0.0029612386806064863,0.0025482273490738893,0.022738624545364856,0.014766800342753612,0.015331121782262154,0.03261535746769935,0.04100225931473468,0.10122461455007409,0.09244583326772234,0.07234031598942148,0.10963845801640981,0.05803302165608136,0.05962282449756385,0.1059688662877844,0.04360225325960637,0.051359771189706624,0.06540233504575386,0.031400825200381656,0.05870164977456915,0.008826090951740757,0.0030540082157145556,0.005370165502288037,0.0009507129711677313,3.513158813754278e-05,2.78887649880879e-06,5.202017408048457e-05,0.01829091827962792,Valtteri Bottas
15,2.6864918958460267e-05,0.0015160606696316117,0.006069252299814267,0.023129986388532624,0.026743939470983427,0.051347202237767745,0.07829185298103801,0.028515119284454195,0.08789299708378974,0.06679404556938011,0.12359215757776541,0.11564903798609255,0.0733757014172086,0.03406204124212904,0.019918959843013482,0.03050556435667177,0.021613216241551388,0.05101046379467123,0.0585147963678684,0.06150212468586008,0.010846927208895765,0.022303577687232443,0.003516588774961501,0.002762158366728274,4.361450354986692e-05,9.543765790046544e-05,0.0003603113835494406,0.03992861558281775,Daniel Ricciardo
16,4.709308907964599e-08,1.4584956929422283e-05,9.147581959839899e-07,4.647468898318109e-05,0.007768897423478623,0.017934605719836814,0.03534772450370566,0.03802486738763536,0.05172376151199388,0.06588147373275871,0.05135285955612546,0.0908479634082136,0.1739444586198118,0.05147623849243771,0.06763183642510469,0.04032500780642322,0.08666458137093035,0.06892864392272811,0.05636875475822453,0.07615183471930646,0.008670755479507433,0.010269855004188127,4.544453962521912e-06,2.3649084291384518e-06,1.678308748303174e-06,3.6941363325335693e-06,0.0006115768529192841,0.01956446914408734,Kevin Magnussen
17,1.8579814690641517e-05,0.0005267110138789546,0.0019339525474467334,0.009975497965499406,0.013380989352903563,0.03635346833127392,0.040138219575805656,0.0325505842225372,0.049360293472929175,0.04662786038693568,0.05783884125519166,0.05904714200566367,0.05763031172556412,0.052854384552381825,0.055722432589364,0.04654641587936195,0.0905361063910774,0.09735475670455296,0.07948865039778498,0.1061144320724537,0.026253783239519383,0.028625448232420827,0.0058852188811519745,0.004267493804439736,0.00017134539204295473,0.0002560198548791855,0.0005410603382487615,0.06600036974270283,Sebastian Vettel
18,2.098388252045502e-06,7.60426896648661e-05,0.0008661884743966635,0.0036438533965649834,0.003391993438322492,0.012423719592716041,0.015456866067938809,0.023483457146180782,0.054451379436640336,0.048517369251482825,0.10881065618699859,0.09507544113947466,0.07877286494893511,0.1280137136691041,0.08667778764200935,0.09270998856444965,0.08155557646258796,0.04993633924188736,0.05730215671606015,0.050833482910158094,0.004117755636650129,0.002759624936013581,5.520954513884695e-05,0.0005662802064459314,4.881935088778101e-06,0.00010239586369236051,0.0003928765131455479,0.007999024636175175,Nicholas Latifi
