,1,2,3,4,5,6,7,8,9,10,11,12,13,14,15,16,17,18,19,20,DNF,Driver
0,0.6223111450133066,0.29315725290626554,0.05048652054978557,0.014603036891100048,0.003932629538306322,0.0005378413246032326,0.0009686896422288261,0.0003293232095738416,0.00012290224739110818,0.00014320543005251238,0.00046128701571124774,0.00015466102335181799,0.0005290536431819475,0.000327946668969999,0.0005210340455412974,0.00014135190955273747,0.00013453057480089102,0.006859571449920337,0.0014385788053761107,0.0020190103258595827,0.0008204277851203581,Max Verstappen
1,0.07220485809986879,0.0831145405464189,0.13536980734452855,0.1501156336678488,0.25108089666204514,0.09970567039828603,0.07729837075478488,0.03315179765558965,0.037605935252231604,0.016247318636802538,0.008243258093610132,0.0028243426587581774,0.002613283828402543,0.0006451520570706699,0.001470212252502226,0.0006216349059864121,0.0009555747698303267,0.0027297105825394696,0.006874578457570702,0.005349852575408083,0.011777570799916409,George Russell
2,0.07323379119348002,0.06268307744028415,0.0864474820054054,0.16286008640169117,0.22996415140537899,0.1231448205089142,0.09175690543567679,0.04190454106202852,0.04743305998413313,0.020340188137179777,0.013990535430354499,0.004978909593937491,0.0046866712809342445,0.0009965078209672985,0.0014436596156018455,0.0006003620153653015,0.0013009459739596642,0.0028400911533419614,0.00698590605302268,0.006131370460047132,0.01627693702829549,Lewis Hamilton
3,0.09878288987045539,0.172666402182232,0.43039274529349963,0.11678122714522565,0.06473723850795247,0.02638210104728934,0.009146554135612084,0.022932059881877517,0.010218471913233614,0.0026104217071842963,0.0014141927624732402,0.0006205397332146292,0.0006189714991700959,0.0008319739505388204,0.004058883256505309,0.0002488606327029928,0.0018694838828781303,0.0009252054587532645,0.009763485524362797,0.020493357331332382,0.004504934283506204,Sergio Perez
4,0.0388148248535937,0.13811867936166233,0.17619530392575392,0.1964717185912707,0.1704581423959814,0.08901260095557403,0.035488759360926506,0.04528321625541799,0.01898337163165661,0.014986379449797268,0.006811060887695296,0.00462500781744752,0.004763398472231892,0.0034041035730604454,0.0022352331070716576,0.0029554011755601422,0.002199590009715826,0.008055057185875923,0.008884782034819943,0.018358172374010086,0.013895196580877001,Carlos Sainz
5,0.0005137944831243026,0.03296682513625386,0.013481718239885324,0.06797469468769315,0.032856895681935575,0.0311821909150834,0.05291088335110671,0.06089106192068932,0.09062392865945709,0.07200660753857359,0.05258006615024977,0.06438384266278127,0.03695843105267595,0.05273508207013106,0.08415578890813515,0.05530869111302503,0.06205059045668523,0.051612557881009796,0.029262116990605467,0.04177478829691231,0.013769443803986913,Valtteri Bottas
6,0.013340894867050646,0.08226518113747722,0.1983126627539762,0.2138648505551273,0.15267115807671713,0.06453722265987424,0.04164635821471208,0.03701871184756741,0.018386438857015953,0.02565506717053746,0.01014235961635517,0.005898193865121958,0.00713383228369139,0.0041641897708429,0.005242236159250138,0.0037363661540874686,0.002516213117530389,0.03598792814737669,0.01845779224955456,0.03592712846112018,0.02309521403501343,Charles Leclerc
7,0.005288186404643194,0.01922498290810573,0.06580253841920157,0.06341200363886618,0.12775266894884882,0.1059616336092231,0.07933942787060809,0.06223838657805424,0.06561401472028278,0.05046614740986067,0.03857074685434599,0.02340473551754232,0.014342341407827378,0.019833649035862825,0.019397248978892376,0.02463896488942521,0.02041309054498169,0.05954678034556795,0.051569636563316514,0.05842380589050384,0.024759009464039455,Lando Norris
8,0.006317376363284392,0.018643179063634517,0.020910253587404292,0.07716287005151522,0.08742853981483087,0.13512644366881968,0.10557599963095637,0.09587274631251176,0.05342506474661247,0.045592917665371664,0.05132246593243434,0.021156494353511735,0.02887578869307247,0.023161999823785005,0.012259138709874402,0.020997451581818195,0.03427664174396617,0.03324599264457549,0.03239540737798538,0.04640779678028266,0.04984543145375292,Fernando Alonso
9,0.0007653743855152393,0.00771407824159889,0.021262683250991295,0.05132938336643924,0.06529131961464871,0.1026105633917033,0.0821103620146776,0.0793091902683959,0.09777760512263325,0.05156931759815122,0.041267848357797364,0.023025728121914103,0.045668849642894936,0.01973940545618525,0.0242012516769124,0.03884177841490411,0.03743263981755206,0.048718288108528685,0.04967804659645856,0.07394593419923906,0.03774035235285878,Esteban Ocon
10,0.0003434953672331883,0.005393914762682243,0.014791154989827077,0.04552811887755111,0.045162137127735,0.07758644000668861,0.10881620406397094,0.04294886843352435,0.08117272925853611,0.06103980948430634,0.10533165182477998,0.08361434110232714,0.058954521493600635,0.029674593418377818,0.014702755250662976,0.03459374306078167,0.021668710390814822,0.038326677637097385,0.052035651489184216,0.04774869587321432,0.030565786087103915,Daniel Ricciardo
11,8.128773855612102e-06,0.0028726431864238735,0.0015445495202054851,0.019896550305583433,0.008553110834212872,0.008091503216184877,0.03526798706897342,0.03402652003928713,0.06291416270744815,0.07119530703671408,0.09637099560461415,0.09259910674997293,0.07570215616483339,0.07186909465862497,0.1255316091344573,0.11953333365849796,0.051325302584905544,0.05027318586892916,0.03065071111452906,0.03154220814663432,0.010231833625112305,Zhou Guanyu
12,6.802242363910121e-06,2.9509135570612413e-05,0.002050765231506077,0.005522455381023395,0.0067640831765817845,0.0308070158809275,0.03749297383744175,0.02904705681277415,0.043505902365521855,0.03303057964249615,0.03506921979696916,0.047966343524687226,0.0594963865193834,0.05160767810642239,0.11574142345070705,0.11358969449131057,0.08263078460707614,0.09082841715766231,0.08399508862914852,0.07031054788115854,0.06050727212926766,Yuki Tsunoda
13,4.310121981941367e-05,0.0010895764860019922,0.0039244258914801575,0.010116732936228638,0.015393406214210308,0.03740642151651686,0.03884440591045757,0.04247756448510843,0.06981204146590057,0.039608514830715966,0.05242264523114627,0.04502719569882082,0.06754822366714265,0.040679701442171624,0.06300232557663413,0.10327220705361084,0.09230713607814547,0.0775237446422052,0.07658770819328543,0.08009989074036933,0.04281303072002817,Pierre Gasly
14,2.7491117010180724e-06,1.443357918156115e-05,5.7885335806661855e-05,0.004138395233709607,0.009371477888161792,0.02069841322926528,0.028248308903900152,0.04602232489383193,0.02201202296630923,0.028412853848935327,0.06618614274345766,0.03232517174889232,0.08203808891024786,0.05112029645508826,0.06564943109394249,0.11419835438927495,0.09005790898427027,0.09782682479188677,0.11692780054734021,0.11577973733634096,0.008911378008455761,Mick Schumacher
15,6.223807789171627e-05,0.0009320923306403684,0.0032416172906382015,0.015174401990549131,0.020341357226661083,0.049899502994719964,0.0565421906950383,0.05087846340766357,0.05081606021228426,0.055088639813842245,0.053232008428823155,0.0434106247839604,0.04369858543343949,0.047726167876696736,0.04630185341334757,0.05318677202172723,0.10482663825392734,0.08868254875371276,0.0735215496887395,0.08860305473808446,0.05383363256761244,Sebastian Vettel
16,3.844342028974223e-06,0.0003184011796057051,0.0012613934685392055,0.004756381461344175,0.009321007479569179,0.011690998551159017,0.018864376979594265,0.030335976778004592,0.02842514151522166,0.040243661394662796,0.06717763557882919,0.07337275297799116,0.06609040194822044,0.0918036877068598,0.11758556250941074,0.12635131595598884,0.08328412037913764,0.07220994552520375,0.08899460068986964,0.042627957582498294,0.025280835996260895,Alexander Albon
17,3.059438796519284e-06,7.39241338583644e-05,0.000829504849152827,0.0032947844079823834,0.0031580982422786713,0.011786276283906582,0.0157484542602922,0.028235692674897075,0.04643874869658211,0.04824578539283329,0.10010879123517064,0.08046146511087189,0.06444979177021362,0.12955655027568616,0.08455058033313699,0.12758932545803192,0.10640788797654768,0.046490652657124654,0.055235566451208036,0.04127285783720991,0.00606220251421838,Nicholas Latifi
18,1.2885974439983038e-08,4.903814087956736e-06,3.846021237403245e-07,2.3449444873026488e-05,0.004341593604895666,0.011835697226693965,0.02641393728137382,0.038905683830224844,0.04139149302347218,0.06844009650378514,0.051692177571605206,0.08900386986391576,0.15621585213801387,0.057095996436269,0.07195849325967071,0.057138296429744606,0.1176792737613652,0.06996958832167606,0.05571312148115331,0.06663351072605676,0.015542567793024828,Kevin Magnussen
19,2.8721313517936346e-06,6.63458765463406e-05,0.0008820679064627739,0.005821287052219579,0.0037151500480898728,0.01530064523635215,0.03095833244582757,0.034862639414667995,0.07422575016704314,0.062431435403692906,0.08821424981509095,0.06574155736830076,0.07977971942939471,0.09517199106029109,0.06305017006315553,0.09851338961212561,0.09031742128574845,0.06282694855683985,0.05704350111976906,0.06111278063603514,0.009961745370994708,Lance Stroll
